Run semi-empirical minimization
 &qmmm
    qm_theory='AM1', grms_tol=0.0005,
 scfconv=1.d-10, ndiis_attempts=700,   qmcharge=0,
 /
   6     C       -2.4260       -0.6820       -6.8520 
   6    C1       -2.3010        0.5080       -5.9440 
   6    C2       -3.4100        1.1260       -5.5090 
   6    C3       -3.4910        2.3760       -4.6860 
   6    C4       -4.3210        3.4480       -5.4090 
   6    C5       -4.4910        4.7500       -4.6560 
   6    C6       -3.9370        4.9470       -3.4470 
   6    C7       -4.2160        6.0780       -2.5280 
   6    C8       -2.9930        6.9490       -2.2570 
   6    C9       -3.2710        8.1060       -1.3180 
   6   C10       -4.4790        8.2850       -0.7380 
   6   C11       -5.0190        9.3990        0.1000 
   6   C12       -4.5200       10.7850       -0.2730 
   6   C13       -5.1060       11.8300        0.6270 
   6   C14       -4.4620       12.9310        1.0450 
   6   C15       -5.1770       13.8680        1.9830 
   6   C16       -3.0570       13.2740        0.5600 
   6   C17       -2.3720       14.5100        1.1710 
   6   C18       -1.0350       14.7900        0.5250 
   6   C19       -0.3580       15.9510        0.3910 
   6   C20        0.9310       15.9540       -0.4100 
   6   C21       -0.6800       17.3370        0.9290 
   6   C22       -1.8350       17.5270        1.9170 
   6   C23       -1.9480       18.9720        2.3380 
   6   C24       -3.0490       19.7380        2.2130 
   6   C25       -3.0310       21.1970        2.5680 
   6   C26       -4.3650       19.2140        1.7020 
   6   C27       -2.0780        8.9990       -1.1080 
   6   C28       -5.3590        5.7700       -5.3510 
   6   C29       -0.8860        0.9080       -5.6240 
   1     H       -3.4690       -0.8970       -7.1100 
   1    H1       -2.0050       -1.5740       -6.3780 
   1    H2       -1.8910       -0.4920       -7.7890 
   1    H3       -4.3820        0.7170       -5.7820 
   1    H4       -3.9520        2.1190       -3.7250 
   1    H5       -2.4970        2.7780       -4.4740 
   1    H6       -3.8690        3.6640       -6.3850 
   1    H7       -5.3250        3.0450       -5.6010 
   1    H8       -3.2930        4.1970       -2.9950 
   1    H9       -5.0440        6.6910       -2.9010 
   1   H10       -4.5600        5.6250       -1.5880 
   1   H11       -2.1890        6.3330       -1.8340 
   1   H12       -2.6210        7.3530       -3.2090 
   1   H13       -5.2590        7.5450       -0.8940 
   1   H14       -6.1100        9.3930       -0.0450 
   1   H15       -4.8540        9.1680        1.1600 
   1   H16       -3.4400       10.8220       -0.1770 
   1   H17       -4.7720       11.0130       -1.3150 
   1   H18       -6.1310       11.6450        0.9550 
   1   H19       -4.5480       14.1230        2.8380 
   1   H20       -5.4710       14.7780        1.4550 
   1   H21       -6.0860       13.4090        2.3890 
   1   H22       -2.3980       12.4150        0.7480 
   1   H23       -3.1060       13.4110       -0.5260 
   1   H24       -3.0490       15.3480        1.0200 
   1   H25       -2.2210       14.3510        2.2440 
   1   H26       -0.5720       13.9010        0.0910 
   1   H27        0.8680       16.6910       -1.2200 
   1   H28        1.7800       16.2160        0.2300 
   1   H29        1.1460       14.9850       -0.8720 
   1   H30        0.2310       17.7070        1.4210 
   1   H31       -0.8470       17.9950        0.0660 
   1   H32       -2.7660       17.2260        1.4410 
   1   H33       -1.6860       16.9060        2.8060 
   1   H34       -1.0400       19.4120        2.7460 
   1   H35       -3.2900       21.7960        1.6880 
   1   H36       -3.7570       21.4080        3.3600 
   1   H37       -2.0470       21.5280        2.9150 
   1   H38       -4.2780       18.9040        0.6550 
   1   H39       -4.7000       18.3620        2.3040 
   1   H40       -5.1450       19.9760        1.7580 
   1   H41       -1.1430        8.4750       -1.3390 
   1   H42       -2.1340        9.8750       -1.7640 
   1   H43       -1.9960        9.3100       -0.0650 
   1   H44       -5.1780        5.7580       -6.4310 
   1   H45       -6.4180        5.5530       -5.1760 
   1   H46       -5.1530        6.7930       -5.0230 
   1   H47       -0.3610        0.0710       -5.1480 
   1   H48       -0.3530        1.1720       -6.5420 
   1   H49       -0.8060        1.7560       -4.9430 

